00 01 77 7F 01 01 01 01 01 05 50 52 47 4D 31 0F
00 01 77 7F 01 01 01 0D 60 01 00 0F
00 01 77 7F 01 01 01 0D 01 01 00 00 02 01 45 00 03 01 00 00 04 01 00 00 05 01 00 00 06 01 01 0F
00 01 77 7F 01 01 01 0D 07 01 00 00 08 01 61 00 09 01 00 00 0A 01 00 00 0B 01 00 00 0C 01 00 50
00 01 77 7F 01 01 01 0D 0D 01 00 00 0E 01 61 00 0F 01 00 00 10 01 00 00 11 01 00 00 12 01 00 2C
00 01 77 7F 01 01 01 0D 13 01 00 00 14 01 61 00 15 01 00 00 16 01 00 00 17 01 00 00 18 01 00 08
00 01 77 7F 01 01 01 0D 19 01 00 00 1A 01 61 00 1B 01 00 00 1C 01 00 00 1D 01 00 00 1E 01 00 64
00 01 77 7F 01 01 01 0D 1F 01 00 00 20 01 61 00 21 01 00 00 22 01 00 00 23 01 00 00 24 01 00 40
00 01 77 7F 01 01 01 0D 40 01 00 00 41 01 7F 00 42 01 7F 00 43 01 00 68
00 01 77 7F 01 01 01 0D 44 01 00 00 45 01 7F 00 46 01 7F 00 47 01 00 58
00 01 77 7F 01 01 01 0D 48 01 00 00 49 01 7F 00 4A 01 7F 00 4B 01 00 48
00 01 77 7F 01 01 01 0D 4C 01 00 00 4D 01 7F 00 4E 01 7F 00 4F 01 00 38
00 01 77 7F 01 01 01 0D 50 01 00 00 51 01 7F 00 52 01 7F 00 53 01 00 28
00 01 77 7F 01 01 01 0D 54 01 00 00 55 01 7F 00 56 01 7F 00 57 01 00 18
00 01 77 7F 01 01 01 0E 60 01 00 0E
00 01 77 7F 01 01 01 0E 01 01 00 00 02 01 45 00 03 01 01 00 04 01 00 00 05 01 00 00 06 01 01 0D
00 01 77 7F 01 01 01 0E 07 01 00 00 08 01 61 00 09 01 00 00 0A 01 00 00 0B 01 00 00 0C 01 00 4F
00 01 77 7F 01 01 01 0E 0D 01 00 00 0E 01 61 00 0F 01 00 00 10 01 00 00 11 01 00 00 12 01 00 2B
00 01 77 7F 01 01 01 0E 13 01 00 00 14 01 61 00 15 01 00 00 16 01 00 00 17 01 00 00 18 01 00 07
00 01 77 7F 01 01 01 0E 19 01 00 00 1A 01 61 00 1B 01 00 00 1C 01 00 00 1D 01 00 00 1E 01 00 63
00 01 77 7F 01 01 01 0E 1F 01 00 00 20 01 61 00 21 01 00 00 22 01 00 00 23 01 00 00 24 01 00 3F
00 01 77 7F 01 01 01 0E 40 01 00 00 41 01 7F 00 42 01 7F 00 43 01 00 67
00 01 77 7F 01 01 01 0E 44 01 00 00 45 01 7F 00 46 01 7F 00 47 01 00 57
00 01 77 7F 01 01 01 0E 48 01 00 00 49 01 7F 00 4A 01 7F 00 4B 01 00 47
00 01 77 7F 01 01 01 0E 4C 01 00 00 4D 01 7F 00 4E 01 7F 00 4F 01 00 37
00 01 77 7F 01 01 01 0E 50 01 00 00 51 01 7F 00 52 01 7F 00 53 01 00 27
00 01 77 7F 01 01 01 0E 54 01 00 00 55 01 7F 00 56 01 7F 00 57 01 00 17
00 01 77 7F 01 01 01 0F 60 01 00 0D
00 01 77 7F 01 01 01 0F 01 01 00 00 02 01 45 00 03 01 02 00 04 01 00 00 05 01 00 00 06 01 01 0B
00 01 77 7F 01 01 01 0F 07 01 00 00 08 01 61 00 09 01 00 00 0A 01 00 00 0B 01 00 00 0C 01 00 4E
00 01 77 7F 01 01 01 0F 0D 01 00 00 0E 01 61 00 0F 01 00 00 10 01 00 00 11 01 00 00 12 01 00 2A
00 01 77 7F 01 01 01 0F 13 01 00 00 14 01 61 00 15 01 00 00 16 01 00 00 17 01 00 00 18 01 00 06
00 01 77 7F 01 01 01 0F 19 01 00 00 1A 01 61 00 1B 01 00 00 1C 01 00 00 1D 01 00 00 1E 01 00 62
00 01 77 7F 01 01 01 0F 1F 01 00 00 20 01 61 00 21 01 00 00 22 01 00 00 23 01 00 00 24 01 00 3E
00 01 77 7F 01 01 01 0F 40 01 00 00 41 01 7F 00 42 01 7F 00 43 01 00 66
00 01 77 7F 01 01 01 0F 44 01 00 00 45 01 7F 00 46 01 7F 00 47 01 00 56
00 01 77 7F 01 01 01 0F 48 01 00 00 49 01 7F 00 4A 01 7F 00 4B 01 00 46
00 01 77 7F 01 01 01 0F 4C 01 00 00 4D 01 7F 00 4E 01 7F 00 4F 01 00 36
00 01 77 7F 01 01 01 0F 50 01 00 00 51 01 7F 00 52 01 7F 00 53 01 00 26
00 01 77 7F 01 01 01 0F 54 01 00 00 55 01 7F 00 56 01 7F 00 57 01 00 16
00 01 77 7F 01 01 01 10 60 01 00 0C
00 01 77 7F 01 01 01 10 01 01 00 00 02 01 45 00 03 01 03 00 04 01 00 00 05 01 00 00 06 01 01 09
00 01 77 7F 01 01 01 10 07 01 00 00 08 01 61 00 09 01 00 00 0A 01 00 00 0B 01 00 00 0C 01 00 4D
00 01 77 7F 01 01 01 10 0D 01 00 00 0E 01 61 00 0F 01 00 00 10 01 00 00 11 01 00 00 12 01 00 29
00 01 77 7F 01 01 01 10 13 01 00 00 14 01 61 00 15 01 00 00 16 01 00 00 17 01 00 00 18 01 00 05
00 01 77 7F 01 01 01 10 19 01 00 00 1A 01 61 00 1B 01 00 00 1C 01 00 00 1D 01 00 00 1E 01 00 61
00 01 77 7F 01 01 01 10 1F 01 00 00 20 01 61 00 21 01 00 00 22 01 00 00 23 01 00 00 24 01 00 3D
00 01 77 7F 01 01 01 10 40 01 00 00 41 01 7F 00 42 01 7F 00 43 01 00 65
00 01 77 7F 01 01 01 10 44 01 00 00 45 01 7F 00 46 01 7F 00 47 01 00 55
00 01 77 7F 01 01 01 10 48 01 00 00 49 01 7F 00 4A 01 7F 00 4B 01 00 45
00 01 77 7F 01 01 01 10 4C 01 00 00 4D 01 7F 00 4E 01 7F 00 4F 01 00 35
00 01 77 7F 01 01 01 10 50 01 00 00 51 01 7F 00 52 01 7F 00 53 01 00 25
00 01 77 7F 01 01 01 10 54 01 00 00 55 01 7F 00 56 01 7F 00 57 01 00 15
00 01 77 7F 01 01 01 11 60 01 00 0B
00 01 77 7F 01 01 01 11 01 01 00 00 02 01 45 00 03 01 04 00 04 01 00 00 05 01 00 00 06 01 01 07
00 01 77 7F 01 01 01 11 07 01 00 00 08 01 61 00 09 01 00 00 0A 01 00 00 0B 01 00 00 0C 01 00 4C
00 01 77 7F 01 01 01 11 0D 01 00 00 0E 01 61 00 0F 01 00 00 10 01 00 00 11 01 00 00 12 01 00 28
00 01 77 7F 01 01 01 11 13 01 00 00 14 01 61 00 15 01 00 00 16 01 00 00 17 01 00 00 18 01 00 04
00 01 77 7F 01 01 01 11 19 01 00 00 1A 01 61 00 1B 01 00 00 1C 01 00 00 1D 01 00 00 1E 01 00 60
00 01 77 7F 01 01 01 11 1F 01 00 00 20 01 61 00 21 01 00 00 22 01 00 00 23 01 00 00 24 01 00 3C
00 01 77 7F 01 01 01 11 40 01 00 00 41 01 7F 00 42 01 7F 00 43 01 00 64
00 01 77 7F 01 01 01 11 44 01 00 00 45 01 7F 00 46 01 7F 00 47 01 00 54
00 01 77 7F 01 01 01 11 48 01 00 00 49 01 7F 00 4A 01 7F 00 4B 01 00 44
00 01 77 7F 01 01 01 11 4C 01 00 00 4D 01 7F 00 4E 01 7F 00 4F 01 00 34
00 01 77 7F 01 01 01 11 50 01 00 00 51 01 7F 00 52 01 7F 00 53 01 00 24
00 01 77 7F 01 01 01 11 54 01 00 00 55 01 7F 00 56 01 7F 00 57 01 00 14
00 01 77 7F 01 01 01 12 60 01 00 0A
00 01 77 7F 01 01 01 12 01 01 00 00 02 01 45 00 03 01 05 00 04 01 00 00 05 01 00 00 06 01 01 05
00 01 77 7F 01 01 01 12 07 01 00 00 08 01 61 00 09 01 00 00 0A 01 00 00 0B 01 00 00 0C 01 00 4B
00 01 77 7F 01 01 01 12 0D 01 00 00 0E 01 61 00 0F 01 00 00 10 01 00 00 11 01 00 00 12 01 00 27
00 01 77 7F 01 01 01 12 13 01 00 00 14 01 61 00 15 01 00 00 16 01 00 00 17 01 00 00 18 01 00 03
00 01 77 7F 01 01 01 12 19 01 00 00 1A 01 61 00 1B 01 00 00 1C 01 00 00 1D 01 00 00 1E 01 00 5F
00 01 77 7F 01 01 01 12 1F 01 00 00 20 01 61 00 21 01 00 00 22 01 00 00 23 01 00 00 24 01 00 3B
00 01 77 7F 01 01 01 12 40 01 00 00 41 01 7F 00 42 01 7F 00 43 01 00 63
00 01 77 7F 01 01 01 12 44 01 00 00 45 01 7F 00 46 01 7F 00 47 01 00 53
00 01 77 7F 01 01 01 12 48 01 00 00 49 01 7F 00 4A 01 7F 00 4B 01 00 43
00 01 77 7F 01 01 01 12 4C 01 00 00 4D 01 7F 00 4E 01 7F 00 4F 01 00 33
00 01 77 7F 01 01 01 12 50 01 00 00 51 01 7F 00 52 01 7F 00 53 01 00 23
00 01 77 7F 01 01 01 12 54 01 00 00 55 01 7F 00 56 01 7F 00 57 01 00 13
00 01 77 7F 01 01 01 14 60 01 00 08
00 01 77 7F 01 01 01 14 01 01 00 00 02 01 62 00 03 01 01 00 04 01 00 00 05 01 00 00 06 01 01 6A
00 01 77 7F 01 01 01 14 07 01 00 00 08 01 61 00 09 01 00 00 0A 01 7F 00 0B 01 00 00 0C 01 00 4A
00 01 77 7F 01 01 01 14 0D 01 00 00 0E 01 61 00 0F 01 00 00 10 01 7F 00 11 01 00 00 12 01 00 26
00 01 77 7F 01 01 01 14 13 01 00 00 14 01 61 00 15 01 00 00 16 01 7F 00 17 01 00 00 18 01 00 02
00 01 77 7F 01 01 01 14 19 01 00 00 1A 01 61 00 1B 01 00 00 1C 01 7F 00 1D 01 00 00 1E 01 00 5E
00 01 77 7F 01 01 01 14 1F 01 00 00 20 01 61 00 21 01 00 00 22 01 7F 00 23 01 00 00 24 01 00 3A
00 01 77 7F 01 01 01 14 40 01 00 00 41 01 7F 00 42 01 7F 00 43 01 00 61
00 01 77 7F 01 01 01 14 44 01 00 00 45 01 7F 00 46 01 7F 00 47 01 00 51
00 01 77 7F 01 01 01 14 48 01 00 00 49 01 7F 00 4A 01 7F 00 4B 01 00 41
00 01 77 7F 01 01 01 14 4C 01 00 00 4D 01 7F 00 4E 01 7F 00 4F 01 00 31
00 01 77 7F 01 01 01 14 50 01 00 00 51 01 7F 00 52 01 7F 00 53 01 00 21
00 01 77 7F 01 01 01 14 54 01 00 00 55 01 7F 00 56 01 7F 00 57 01 00 11
00 01 77 7F 01 01 01 15 60 01 00 07
00 01 77 7F 01 01 01 15 01 01 00 00 02 01 62 00 03 01 02 00 04 01 00 00 05 01 00 00 06 01 01 68
00 01 77 7F 01 01 01 15 07 01 00 00 08 01 61 00 09 01 00 00 0A 01 7F 00 0B 01 00 00 0C 01 00 49
00 01 77 7F 01 01 01 15 0D 01 00 00 0E 01 61 00 0F 01 00 00 10 01 7F 00 11 01 00 00 12 01 00 25
00 01 77 7F 01 01 01 15 13 01 00 00 14 01 61 00 15 01 00 00 16 01 7F 00 17 01 00 00 18 01 00 01
00 01 77 7F 01 01 01 15 19 01 00 00 1A 01 61 00 1B 01 00 00 1C 01 7F 00 1D 01 00 00 1E 01 00 5D
00 01 77 7F 01 01 01 15 1F 01 00 00 20 01 61 00 21 01 00 00 22 01 7F 00 23 01 00 00 24 01 00 39
00 01 77 7F 01 01 01 15 40 01 00 00 41 01 7F 00 42 01 7F 00 43 01 00 60
00 01 77 7F 01 01 01 15 44 01 00 00 45 01 7F 00 46 01 7F 00 47 01 00 50
00 01 77 7F 01 01 01 15 48 01 00 00 49 01 7F 00 4A 01 7F 00 4B 01 00 40
00 01 77 7F 01 01 01 15 4C 01 00 00 4D 01 7F 00 4E 01 7F 00 4F 01 00 30
00 01 77 7F 01 01 01 15 50 01 00 00 51 01 7F 00 52 01 7F 00 53 01 00 20
00 01 77 7F 01 01 01 15 54 01 00 00 55 01 7F 00 56 01 7F 00 57 01 00 10
00 01 77 7F 01 01 01 16 60 01 00 06
00 01 77 7F 01 01 01 16 01 01 00 00 02 01 56 00 03 01 01 00 04 01 00 00 05 01 00 00 06 01 01 74
00 01 77 7F 01 01 01 16 07 01 00 00 08 01 61 00 09 01 00 00 0A 01 7F 00 0B 01 00 00 0C 01 00 48
00 01 77 7F 01 01 01 16 0D 01 00 00 0E 01 61 00 0F 01 00 00 10 01 7F 00 11 01 00 00 12 01 00 24
00 01 77 7F 01 01 01 16 13 01 00 00 14 01 61 00 15 01 00 00 16 01 7F 00 17 01 00 00 18 01 00 00
00 01 77 7F 01 01 01 16 19 01 00 00 1A 01 61 00 1B 01 00 00 1C 01 7F 00 1D 01 00 00 1E 01 00 5C
00 01 77 7F 01 01 01 16 1F 01 00 00 20 01 61 00 21 01 00 00 22 01 7F 00 23 01 00 00 24 01 00 38
00 01 77 7F 01 01 01 16 40 01 00 00 41 01 7F 00 42 01 7F 00 43 01 00 5F
00 01 77 7F 01 01 01 16 44 01 00 00 45 01 7F 00 46 01 7F 00 47 01 00 4F
00 01 77 7F 01 01 01 16 48 01 00 00 49 01 7F 00 4A 01 7F 00 4B 01 00 3F
00 01 77 7F 01 01 01 16 4C 01 00 00 4D 01 7F 00 4E 01 7F 00 4F 01 00 2F
00 01 77 7F 01 01 01 16 50 01 00 00 51 01 7F 00 52 01 7F 00 53 01 00 1F
00 01 77 7F 01 01 01 16 54 01 00 00 55 01 7F 00 56 01 7F 00 57 01 00 0F
00 01 77 7F 01 01 01 17 60 01 00 05
00 01 77 7F 01 01 01 17 01 01 00 00 02 01 56 00 03 01 00 00 04 01 00 00 05 01 00 00 06 01 01 74
00 01 77 7F 01 01 01 17 07 01 00 00 08 01 61 00 09 01 00 00 0A 01 7F 00 0B 01 00 00 0C 01 00 47
00 01 77 7F 01 01 01 17 0D 01 00 00 0E 01 61 00 0F 01 00 00 10 01 7F 00 11 01 00 00 12 01 00 23
00 01 77 7F 01 01 01 17 13 01 00 00 14 01 61 00 15 01 00 00 16 01 7F 00 17 01 00 00 18 01 00 7F
00 01 77 7F 01 01 01 17 19 01 00 00 1A 01 61 00 1B 01 00 00 1C 01 7F 00 1D 01 00 00 1E 01 00 5B
00 01 77 7F 01 01 01 17 1F 01 00 00 20 01 61 00 21 01 00 00 22 01 7F 00 23 01 00 00 24 01 00 37
00 01 77 7F 01 01 01 17 40 01 00 00 41 01 7F 00 42 01 7F 00 43 01 00 5E
00 01 77 7F 01 01 01 17 44 01 00 00 45 01 7F 00 46 01 7F 00 47 01 00 4E
00 01 77 7F 01 01 01 17 48 01 00 00 49 01 7F 00 4A 01 7F 00 4B 01 00 3E
00 01 77 7F 01 01 01 17 4C 01 00 00 4D 01 7F 00 4E 01 7F 00 4F 01 00 2E
00 01 77 7F 01 01 01 17 50 01 00 00 51 01 7F 00 52 01 7F 00 53 01 00 1E
00 01 77 7F 01 01 01 17 54 01 00 00 55 01 7F 00 56 01 7F 00 57 01 00 0E
00 01 77 7F 01 01 01 18 60 01 00 04
00 01 77 7F 01 01 01 18 01 01 00 00 02 01 46 00 03 01 00 00 04 01 00 00 05 01 7F 00 06 01 01 04
00 01 77 7F 01 01 01 18 07 01 00 00 08 01 61 00 09 01 00 00 0A 01 00 00 0B 01 00 00 0C 01 00 45
00 01 77 7F 01 01 01 18 0D 01 00 00 0E 01 61 00 0F 01 00 00 10 01 00 00 11 01 00 00 12 01 00 21
00 01 77 7F 01 01 01 18 13 01 00 00 14 01 61 00 15 01 00 00 16 01 00 00 17 01 00 00 18 01 00 7D
00 01 77 7F 01 01 01 18 19 01 00 00 1A 01 61 00 1B 01 00 00 1C 01 00 00 1D 01 00 00 1E 01 00 59
00 01 77 7F 01 01 01 18 1F 01 00 00 20 01 61 00 21 01 00 00 22 01 00 00 23 01 00 00 24 01 00 35
00 01 77 7F 01 01 01 19 60 01 00 03
00 01 77 7F 01 01 01 19 01 01 00 00 02 01 46 00 03 01 00 00 04 01 7F 00 05 01 00 00 06 01 01 03
00 01 77 7F 01 01 01 19 07 01 00 00 08 01 61 00 09 01 00 00 0A 01 00 00 0B 01 00 00 0C 01 00 44
00 01 77 7F 01 01 01 19 0D 01 00 00 0E 01 61 00 0F 01 00 00 10 01 00 00 11 01 00 00 12 01 00 20
00 01 77 7F 01 01 01 19 13 01 00 00 14 01 61 00 15 01 00 00 16 01 00 00 17 01 00 00 18 01 00 7C
00 01 77 7F 01 01 01 19 19 01 00 00 1A 01 61 00 1B 01 00 00 1C 01 00 00 1D 01 00 00 1E 01 00 58
00 01 77 7F 01 01 01 19 1F 01 00 00 20 01 61 00 21 01 00 00 22 01 00 00 23 01 00 00 24 01 00 34
00 01 77 7F 01 01 01 1A 60 01 00 02
00 01 77 7F 01 01 01 1A 01 01 00 00 02 01 61 00 03 01 00 00 04 01 7F 00 05 01 00 00 06 01 01 67
00 01 77 7F 01 01 01 1A 07 01 00 00 08 01 61 00 09 01 00 00 0A 01 7F 00 0B 01 00 00 0C 01 00 44
00 01 77 7F 01 01 01 1A 0D 01 00 00 0E 01 61 00 0F 01 00 00 10 01 7F 00 11 01 00 00 12 01 00 20
00 01 77 7F 01 01 01 1A 13 01 00 00 14 01 61 00 15 01 00 00 16 01 7F 00 17 01 00 00 18 01 00 7C
00 01 77 7F 01 01 01 1A 19 01 00 00 1A 01 61 00 1B 01 00 00 1C 01 7F 00 1D 01 00 00 1E 01 00 58
00 01 77 7F 01 01 01 1A 1F 01 00 00 20 01 61 00 21 01 00 00 22 01 7F 00 23 01 00 00 24 01 00 34
00 01 77 7F 01 01 01 1B 60 01 00 01
00 01 77 7F 01 01 01 1B 01 01 00 00 02 01 61 00 03 01 00 00 04 01 7F 00 05 01 00 00 06 01 01 66
00 01 77 7F 01 01 01 1B 07 01 00 00 08 01 61 00 09 01 00 00 0A 01 7F 00 0B 01 00 00 0C 01 00 43
00 01 77 7F 01 01 01 1B 0D 01 00 00 0E 01 61 00 0F 01 00 00 10 01 7F 00 11 01 00 00 12 01 00 1F
00 01 77 7F 01 01 01 1B 13 01 00 00 14 01 61 00 15 01 00 00 16 01 7F 00 17 01 00 00 18 01 00 7B
00 01 77 7F 01 01 01 1B 19 01 00 00 1A 01 61 00 1B 01 00 00 1C 01 7F 00 1D 01 00 00 1E 01 00 57
00 01 77 7F 01 01 01 1B 1F 01 00 00 20 01 61 00 21 01 00 00 22 01 7F 00 23 01 00 00 24 01 00 33
00 01 77 7F 01 01 01 36 60 01 00 66
00 01 77 7F 01 01 01 36 01 01 00 00 02 01 00 00 03 01 07 00 04 01 00 00 05 01 7F 00 06 01 01 25
00 01 77 7F 01 01 01 36 07 01 00 00 08 01 00 00 09 01 00 00 0A 01 00 00 0B 01 7F 00 0C 01 00 09
00 01 77 7F 01 01 01 36 0D 01 00 00 0E 01 00 00 0F 01 00 00 10 01 00 00 11 01 7F 00 12 01 00 65
00 01 77 7F 01 01 01 36 13 01 00 00 14 01 00 00 15 01 00 00 16 01 00 00 17 01 7F 00 18 01 00 41
00 01 77 7F 01 01 01 36 19 01 00 00 1A 01 00 00 1B 01 00 00 1C 01 00 00 1D 01 7F 00 1E 01 00 1D
00 01 77 7F 01 01 01 36 1F 01 00 00 20 01 00 00 21 01 00 00 22 01 00 00 23 01 7F 00 24 01 00 79
00 01 77 7F 01 01 01 37 60 01 00 65
00 01 77 7F 01 01 01 37 01 01 00 00 02 01 00 00 03 01 0B 00 04 01 00 00 05 01 7F 00 06 01 01 20
00 01 77 7F 01 01 01 37 07 01 00 00 08 01 00 00 09 01 00 00 0A 01 00 00 0B 01 7F 00 0C 01 00 08
00 01 77 7F 01 01 01 37 0D 01 00 00 0E 01 00 00 0F 01 00 00 10 01 00 00 11 01 7F 00 12 01 00 64
00 01 77 7F 01 01 01 37 13 01 00 00 14 01 00 00 15 01 00 00 16 01 00 00 17 01 7F 00 18 01 00 40
00 01 77 7F 01 01 01 37 19 01 00 00 1A 01 00 00 1B 01 00 00 1C 01 00 00 1D 01 7F 00 1E 01 00 1C
00 01 77 7F 01 01 01 37 1F 01 00 00 20 01 00 00 21 01 00 00 22 01 00 00 23 01 7F 00 24 01 00 78

MIDI:
Data is sent as one byte indicating the length followed by that number of bytes.

--header--- cmd tgt idx obj elm data
00 01 77 7F 01  01  01  7E  01  01 00 00 02 01 65 00 03 01 01 00 04 01 02 00 05 01 03 00
00 01 77 7F
    01 cmd = set
    01 tgt = preset
    01 idx = A1
    7E obj = MIDI
    01 elm = channel 1      setting 1 values
    01 data is 1 byte
    00 data value is 0
    00
    02 01 65        elm=2   message type
    00 separator
    03 01 01        elm=3   data 1
    00 separator
    04 01 02        elm=4   data 2
    00 separator
    05 01 03        elm=5   data 3
    00 separator

--header--- cmd tgt idx obj elm data
00 01 77 7F 01  01  01  7E  07  01 00 00 08 01 61 00 09 01 00 00 0A 01 00 00 0B 01 00 6C
    01 cmd = set
    01 tgt = preset
    01 idx = A1
    7E obj = MIDI
    07 elm = setting 2 values
    01 data = channel

00 01 77 7F 01 01 01 7E 0D 01 00 00 0E 01 61 00 0F 01 00 00 10 01 00 00 11 01 00 4E
00 01 77 7F 01 01 01 7E 13 01 00 00 14 01 61 00 15 01 00 00 16 01 00 00 17 01 00 30
00 01 77 7F 01 01 01 7E 19 01 00 00 1A 01 61 00 1B 01 00 00 1C 01 00 00 1D 01 00 12
00 01 77 7F 01 01 01 7E 1F 01 00 00 20 01 61 00 21 01 00 00 22 01 00 00 23 01 00 74
00 01 77 7F 01 01 01 7E 25 01 00 00 26 01 61 00 27 01 00 00 28 01 00 00 29 01 00 56
00 01 77 7F 01 01 01 7E 2B 01 00 00 2C 01 61 00 2D 01 00 00 2E 01 00 00 2F 01 00 38
00 01 77 7F 01 01 01 7E 31 01 00 00 32 01 61 00 33 01 00 00 34 01 00 00 35 01 00 1A
00 01 77 7F 01 01 01 7E 37 01 00 00 38 01 61 00 39 01 00 00 3A 01 00 00 3B 01 00 7C
00 01 77 7F 01 01 01 7E 3D 01 00 00 3E 01 61 00 3F 01 00 00 40 01 00 00 41 01 00 5E
00 01 77 7F 01 01 01 7E 43 01 00 00 44 01 61 00 45 01 00 00 46 01 00 00 47 01 00 40
00 01 77 7F 01 01 01 7E 49 01 00 00 4A 01 61 00 4B 01 00 00 4C 01 00 00 4D 01 00 22
00 01 77 7F 01 01 01 7E 4F 01 00 00 50 01 61 00 51 01 00 00 52 01 00 00 53 01 00 04
00 01 77 7F 01 01 01 7E 55 01 00 00 56 01 61 00 57 01 00 00 58 01 00 00 59 01 00 66
00 01 77 7F 01 01 01 7E 5B 01 00 00 5C 01 61 00 5D 01 00 00 5E 01 00 00 5F 01 00 48